871662526253088773
871053017537282048
870730420102541314
870401595493588992
870337184158674944
870336758210113536
870336715101061121
870032203245379586
869824956141633536
869780333490827264
869722332511817728
869638446582816772
871835215110565888
871985007975219201
871985015789199360
871985011603365888
868141768147177477
871707189127168000
871622638124228609
871622636387749890
871622634689011712
871509298072911872
871260250036252676
871396053127442432
871290265788665856
871058246362124292
871260255463718912
871260248002002945
871148635152683008
871057461222019072
870897860769861632
870897866209845248
870897862627868672
870585064404516864
870574136808099842
870578691050536960
870535472765849600
870535477048221696
870535480688820224
869812729749614592
870173077744766976
870173083088207872
870173079602839552
864241125980340224
869810681050050560
869810685131112449
869810683193434112
870169587903586304
868530984957902849
869884836248518656
